1339
1 5 426 725 751 1159 1161
2 6 86 236 293 913 938 1153
3 6 7 82 512 565 733 984
4 6 84 224 618 677 1152 1334
5 5 735 911 912 915 1218
6 6 40 118 219 644 872 984
7 5 3 274 419 565 684
8 6 86 236 467 492 1119 1120
9 7 12 313 328 331 430 746 976
10 5 316 335 549 741 1261
11 6 22 314 335 475 744 747
12 5 9 141 430 976 1290
13 5 16 477 508 996 1016
14 7 17 327 743 759 975 1059 1065
15 6 477 772 806 841 1059 1236
16 6 13 477 620 659 762 1035
17 5 14 327 334 1065 1097
18 5 20 21 318 329 768
19 5 287 325 340 1073 1074
20 5 18 318 548 640 768
21 5 18 317 318 329 974
22 6 11 287 322 475 742 747
23 5 60 196 341 712 851
24 6 342 345 479 1053 1205 1262
25 7 29 30 349 690 1033 1066 1304
26 6 173 176 349 770 1066 1304
27 6 32 346 347 641 672 776
28 6 274 354 357 419 478 668
29 6 25 349 1033 1048 1066 1304
30 6 25 350 351 690 770 1304
31 5 344 348 551 691 1194
32 5 27 346 391 840 1063
33 5 355 360 626 642 1022
34 5 36 37 362 481 635
35 5 40 363 367 531 552
36 6 34 37 43 46 625 635
37 8 34 36 46 362 365 481 809 1102
38 5 44 480 557 778 824
39 6 45 49 483 824 825 1203
40 7 6 35 118 367 531 644 872
41 5 512 530 555 782 1198
42 5 359 551 626 855 1198
43 6 36 358 625 635 780 783
44 6 38 361 557 643 824 825
45 6 39 49 553 785 824 1203
46 6 36 37 625 643 779 809
47 8 360 364 383 471 494 554 573 781
48 5 366 386 387 624 625
49 5 39 45 553 785 1203
50 5 858 967 1060 1081 1314
51 6 113 124 568 582 615 875
52 7 169 432 484 563 883 1050 1214
53 5 486 971 1042 1314 1326
54 5 106 559 645 1187 1309
55 5 839 842 948 956 1061
56 5 452 500 568 582 661
57 5 706 930 935 1129 1230
58 5 602 674 713 918 1322
59 7 189 505 657 959 960 1057 1336
60 7 23 63 190 191 196 712 906
61 5 122 193 654 1276 1338
62 5 195 341 521 674 1114
63 6 60 187 539 714 906 1003
64 6 192 195 521 525 919 1092
65 5 104 198 373 422 603
66 6 113 124 199 204 205 701
67 6 127 210 212 423 604 961
68 6 71 540 715 981 1013 1080
69 6 70 198 540 541 660 981
70 6 69 198 250 541 660 910
71 5 68 114 535 715 1013
72 5 73 522 805 1023 1183
73 7 72 805 889 1109 1183 1277 1294
74 5 207 209 709 710 936
75 6 275 307 425 619 637 740
76 6 83 610 723 914 991 1026
77 5 290 463 938 1142 1330
78 5 218 293 609 820 913
79 6 80 226 312 470 564 872
80 5 79 223 312 784 808
81 6 730 789 869 950 952 1168
82 8 3 215 272 273 565 677 684 733
83 6 76 231 610 748 1026 1215
84 5 4 438 543 618 736
85 6 179 289 294 411 414 685
86 6 2 8 236 293 492 1153
87 5 120 214 923 1043 1117
88 6 129 186 856 876 1110 1158
89 7 129 186 448 592 652 875 1315
90 6 114 115 292 455 581 1150
91 6 488 821 1164 1219 1322 1331
92 5 800 848 858 967 1018
93 6 304 570 1105 1167 1238 1293
94 6 438 650 736 924 964 1141
95 7 140 957 1223 1233 1251 1257 1321
96 5 141 282 371 662 671
97 6 139 143 416 596 597 992
98 6 111 130 453 485 695 1312
99 6 175 394 409 1034 1225 1231
100 7 244 246 513 534 680 1014 1234
101 7 239 248 251 253 263 489 561
102 5 664 842 947 1061 1283
103 6 241 249 250 264 265 373
104 6 65 108 241 250 373 603
105 7 131 261 588 866 1214 1302 1324
106 5 54 243 252 266 1187
107 5 128 487 514 844 1275
108 5 104 241 255 603 611
109 5 253 258 259 267 526
110 5 212 263 267 269 961
111 5 98 130 485 1013 1316
112 6 256 368 370 803 1056 1210
113 5 51 66 124 205 615
114 6 71 90 115 535 580 715
115 7 90 114 130 292 535 580 1150
116 5 245 323 476 560 1103
117 6 241 255 265 399 874 1300
118 5 6 40 219 232 872
119 6 307 311 507 608 637 678
120 5 87 180 911 1218 1292
121 6 217 230 527 544 619 722
122 5 61 193 303 566 1338
123 5 305 460 593 873 1189
124 7 51 66 113 204 205 454 579
125 5 449 933 937 1163 1177
126 5 207 832 932 1270 1278
127 6 67 200 202 423 604 699
128 5 107 450 504 1206 1275
129 6 88 89 186 592 613 856
130 5 98 111 115 292 535
131 7 105 563 588 611 663 1214 1302
132 6 454 455 542 580 1000 1192
133 6 185 1100 1245 1250 1281 1284
134 5 400 457 665 697 1126
135 5 400 697 796 1122 1296
136 6 404 458 517 630 843 1123
137 6 403 441 458 459 569 571
138 6 404 570 630 799 1107 1188
139 5 97 143 585 596 1325
140 5 95 143 295 834 957
141 6 12 96 282 371 662 976
142 5 148 283 533 628 881
143 6 97 139 140 416 834 1325
144 5 501 649 666 1017 1078
145 6 148 533 977 993 1089 1226
146 7 280 285 286 369 375 417 1005
147 6 372 629 834 857 957 1032
148 6 142 145 595 627 648 977
149 6 284 286 376 413 503 1165
150 7 418 501 666 1007 1037 1078 1182
151 5 371 378 379 576 900
152 5 153 282 379 380 572
153 6 152 282 380 596 671 823
154 6 155 391 1160 1174 1209 1317
155 5 154 178 391 905 1160
156 6 158 384 385 1213 1279 1280
157 6 390 405 797 802 831 877
158 6 156 384 388 669 1157 1213
159 7 493 801 813 816 827 1297 1301
160 5 221 447 590 943 1180
161 6 175 394 398 1137 1256 1265
162 7 167 168 397 462 655 692 693
163 6 166 169 297 655 883 1155
164 5 397 462 865 1253 1310
165 5 172 296 591 864 1067
166 5 163 297 398 693 1265
167 5 162 406 655 692 1069
168 6 162 183 378 462 576 692
169 5 52 163 406 484 655
170 5 177 299 393 408 1222
171 8 174 264 412 746 804 847 1076 1300
172 5 165 298 591 1067 1240
173 5 26 176 178 882 1313
174 5 171 313 664 746 847
175 5 99 161 394 1068 1137
176 5 26 173 461 694 882
177 5 170 396 409 410 1068
178 5 155 173 905 1160 1313
179 5 85 294 411 751 1159
180 5 120 214 911 1133 1162
181 5 271 427 428 527 1149
182 5 380 572 585 818 921
183 5 168 378 462 656 818
184 5 211 708 899 926 1268
185 5 133 887 1100 1245 1305
186 6 88 89 129 592 856 1303
187 6 63 190 291 537 600 906
188 6 194 539 661 714 756 1003
189 5 59 657 959 960 1336
190 6 60 187 191 291 600 657
191 5 60 190 196 657 959
192 5 64 197 521 539 756
193 5 61 122 303 1276 1338
194 5 188 500 583 661 756
195 7 62 64 451 521 525 674 1114
196 5 23 60 191 657 959
197 6 192 539 712 714 756 851
198 5 65 69 70 373 981
199 5 66 201 203 605 701
200 6 127 201 424 606 699 982
201 5 199 200 203 605 606
202 5 127 506 699 700 711
203 6 199 201 210 604 606 698
204 7 66 124 205 206 454 542 701
205 5 66 113 124 204 701
206 6 204 542 605 701 982 1192
207 5 74 126 209 936 1270
208 5 511 805 1104 1139 1163
209 5 74 207 709 710 936
210 6 67 203 604 606 698 961
211 5 184 708 889 1023 1186
212 5 67 110 269 423 961
213 6 231 310 607 719 870 1215
214 5 87 180 718 923 1143
215 7 82 216 229 472 658 677 733
216 6 215 220 225 306 472 738
217 7 121 271 425 527 619 631 676
218 6 78 609 750 820 913 1330
219 5 6 118 229 232 658
220 5 216 225 306 678 1130
221 5 160 447 590 943 1180
222 7 447 523 578 598 636 868 989
223 5 80 227 312 740 808
224 6 4 472 677 738 1171 1334
225 5 216 220 589 963 1130
226 5 79 470 531 564 872
227 5 223 312 425 631 740
228 5 444 544 719 722 985
229 5 215 219 658 733 984
230 5 121 527 544 722 1149
231 5 83 213 719 748 1215
232 5 118 219 278 308 564
233 5 734 963 1028 1288 1337
234 5 436 734 988 1024 1269
235 5 426 717 878 990 1024
236 7 2 8 86 492 617 1119 1153
237 5 243 541 997 1187 1282
238 5 469 526 584 788 966
239 5 101 253 584 1014 1234
240 5 524 681 879 1060 1319
241 6 103 104 108 117 255 265
242 5 406 484 611 663 1069
243 6 106 237 266 423 700 1187
244 5 100 246 268 468 614
245 5 116 247 468 476 841
246 5 100 244 468 835 1234
247 5 245 468 469 835 841
248 5 101 251 513 561 1014
249 5 103 250 804 946 947
250 6 70 103 104 249 373 910
251 5 101 248 489 513 561
252 5 106 259 266 269 925
253 6 101 109 239 263 267 526
254 5 516 949 1041 1050 1151
255 5 108 117 241 611 874
256 6 112 368 370 767 1056 1090
257 5 485 486 612 866 1312
258 6 109 259 526 773 925 966
259 5 109 252 258 267 269
260 6 304 434 850 887 970 1232
261 5 105 432 612 1041 1214
262 6 288 330 948 1016 1040 1134
263 6 101 110 253 267 489 961
264 6 103 171 265 804 1076 1300
265 6 103 117 241 264 804 1300
266 5 106 243 252 269 423
267 6 109 110 253 259 263 269
268 5 244 468 490 614 1031
269 6 110 212 252 259 266 267
270 6 414 465 983 1054 1169 1229
271 5 181 217 427 527 676
272 5 82 273 677 684 1152
273 6 82 272 274 543 684 1152
274 6 7 28 273 419 543 684
275 5 75 278 308 637 740
276 5 289 590 686 943 1235
277 5 435 790 944 1055 1142
278 5 232 275 308 608 637
279 8 326 528 622 753 760 766 1094 1311
280 6 146 285 375 597 633 992
281 5 418 466 1007 1037 1212
282 7 96 141 152 153 371 379 1011
283 5 142 533 649 881 1017
284 7 149 285 376 503 633 662 671
285 5 146 280 284 286 633
286 7 146 149 285 413 417 594 1165
287 5 19 22 340 475 747
288 6 262 319 330 333 508 1016
289 5 85 276 685 868 1235
290 6 77 463 723 790 938 1119
291 5 187 190 537 600 673
292 5 90 115 130 453 581
293 6 2 78 86 609 820 913
294 5 85 179 499 868 1159
295 7 140 377 416 1006 1207 1211 1257
296 6 165 393 396 518 864 1299
297 5 163 166 693 1155 1265
298 5 172 502 591 897 1240
299 6 170 408 885 1068 1137 1189
300 6 496 502 897 1038 1138 1156
301 5 497 575 692 874 1069
302 5 558 873 1002 1155 1199
303 6 122 193 566 816 1297 1335
304 7 93 260 401 850 1232 1293 1339
305 5 123 402 456 999 1178
306 5 216 220 608 658 678
307 6 75 119 507 544 619 637
308 5 232 275 278 312 564
309 6 727 898 952 994 1027 1181
310 5 213 607 720 870 1269
311 7 119 444 507 678 721 985 1130
312 7 79 80 223 227 308 564 740
313 6 9 174 328 412 746 1093
314 6 11 335 549 670 744 747
315 7 318 332 509 545 902 974 1286
316 5 10 335 622 741 1261
317 6 21 323 745 764 973 1039
318 6 18 20 21 315 545 974
319 6 288 330 508 689 969 1095
320 5 322 742 744 765 1263
321 5 336 338 473 547 1036
322 7 22 320 529 659 742 765 1308
323 6 116 317 476 743 973 1103
324 7 326 549 622 634 741 1094 1311
325 5 19 339 340 1072 1073
326 7 279 324 473 528 1036 1094 1311
327 8 14 17 334 638 759 768 975 1010
328 5 9 313 331 374 430
329 6 18 21 743 759 768 975
330 7 262 288 319 333 508 948 1016
331 5 9 328 758 761 1093
332 5 315 688 754 902 1258
333 5 288 330 839 948 1306
334 5 17 327 1010 1047 1097
335 6 10 11 314 316 549 1261
336 5 321 429 510 547 548
337 6 338 473 623 634 687 1036
338 5 321 337 474 547 1036
339 8 325 340 620 969 1072 1073 1074 1095
340 8 19 287 325 339 659 1073 1074 1308
341 5 23 62 521 851 1114
342 5 24 345 347 641 1020
343 6 352 775 1009 1109 1139 1277
344 6 31 353 550 691 1029 1262
345 6 24 342 479 1020 1070 1243
346 5 27 32 347 351 840
347 5 27 342 346 351 1020
348 5 31 353 478 530 1194
349 5 25 26 29 1066 1304
350 6 30 351 770 840 905 1049
351 6 30 346 347 350 1020 1049
352 5 343 775 1009 1021 1030
353 5 344 348 356 478 1029
354 5 28 356 357 668 1019
355 6 33 360 471 669 672 1022
356 5 353 354 357 478 1071
357 5 28 354 356 478 1019
358 5 43 363 531 624 625
359 6 42 482 554 626 855 1249
360 7 33 47 355 471 494 554 626
361 6 44 643 786 824 825 1102
362 5 34 37 365 481 1102
363 5 35 358 366 552 624
364 5 47 387 573 781 1062
365 5 37 362 483 786 1102
366 6 48 363 387 482 624 781
367 5 35 40 552 644 782
368 5 112 256 682 1031 1201
369 5 146 417 594 901 1005
370 5 112 256 767 1056 1090
371 6 96 141 151 282 900 1011
372 5 147 595 627 629 1252
373 5 65 103 104 198 250
374 5 328 376 430 503 662
375 5 146 280 377 992 1005
376 5 149 284 374 503 662
377 6 295 375 416 901 1005 1211
378 5 151 168 183 379 572
379 5 151 152 282 378 572
380 6 152 153 182 572 596 823
381 6 533 649 666 838 860 1226
382 6 573 574 828 1045 1062 1147
383 5 47 471 494 573 574
384 6 156 158 388 446 667 1280
385 5 156 669 672 1063 1213
386 6 48 387 556 779 822 1220
387 6 48 364 366 386 822 1062
388 5 158 384 494 667 1157
389 5 574 667 819 1147 1191
390 6 157 405 437 829 831 1083
391 7 32 154 155 840 1049 1063 1174
392 6 407 410 519 826 838 1116
393 6 170 296 396 408 518 1222
394 5 99 161 175 1034 1310
395 5 951 987 1145 1218 1291
396 5 177 296 393 410 519
397 5 162 164 398 462 693
398 5 161 166 397 693 1265
399 5 117 495 874 1076 1300
400 5 134 135 456 457 796
401 5 304 517 630 850 1293
402 6 305 456 457 460 665 1111
403 6 137 566 571 1087 1146 1202
404 6 136 138 458 459 630 799
405 5 157 390 437 797 1127
406 6 167 169 242 484 655 1069
407 6 392 409 410 443 826 1231
408 5 170 299 393 1189 1222
409 6 99 177 407 410 1068 1231
410 6 177 392 396 407 409 519
411 6 85 179 414 465 717 751
412 5 171 313 746 1076 1290
413 6 149 286 417 503 594 1165
414 6 85 270 411 465 685 1229
415 6 716 739 1133 1162 1172 1259
416 5 97 143 295 377 992
417 6 146 286 369 413 594 1165
418 7 150 281 466 836 1037 1182 1212
419 5 7 28 274 478 530
420 6 505 703 929 931 934 1057
421 5 532 538 602 713 787
422 5 65 588 603 1013 1316
423 6 67 127 212 243 266 700
424 5 200 506 675 699 982
425 7 75 217 227 619 631 676 740
426 6 1 235 717 751 939 1161
427 5 181 271 428 492 617
428 6 181 427 467 492 617 1246
429 6 336 509 510 548 688 1286
430 5 9 12 328 374 976
431 5 651 891 942 958 968
432 6 52 261 563 1041 1050 1214
433 5 849 879 920 1091 1319
434 5 260 887 920 970 1305
435 6 277 790 944 991 1055 1142
436 5 234 720 878 1169 1269
437 5 390 405 441 569 1127
438 5 84 94 543 924 933
439 6 732 922 1108 1173 1175 1285
440 6 464 567 833 954 1154 1204
441 6 137 437 569 1123 1127 1136
442 5 1038 1115 1156 1237 1255
443 6 407 826 860 1089 1225 1231
444 5 228 311 507 544 985
445 5 480 557 794 1045 1220
446 6 384 1083 1084 1086 1224 1280
447 7 160 221 222 523 578 590 1180
448 6 89 452 646 652 856 1323
449 5 125 511 845 1019 1163
450 6 128 455 504 581 1099 1150
451 6 195 525 651 674 859 909
452 7 56 448 500 568 582 615 646
453 5 98 292 581 862 916
454 7 124 132 204 542 579 1000 1192
455 6 90 132 450 580 1099 1150
456 6 305 400 402 457 796 1178
457 5 134 400 402 456 665
458 5 136 137 404 459 1123
459 7 137 404 458 571 647 654 799
460 5 123 402 1111 1125 1222
461 5 176 496 694 882 893
462 5 162 164 168 183 397
463 5 77 290 723 790 1142
464 5 440 567 954 1179 1200
465 6 270 411 414 717 878 1169
466 5 281 418 1025 1212 1255
467 6 8 428 492 617 1120 1246
468 6 244 245 246 247 268 835
469 5 238 247 772 806 841
470 7 79 226 531 780 783 784 808
471 7 47 355 360 383 494 626 1157
472 5 215 216 224 677 738
473 5 321 326 337 1036 1094
474 5 338 638 640 1010 1047
475 5 11 22 287 742 747
476 6 116 245 323 743 1059 1103
477 6 13 15 16 546 1035 1236
478 7 28 348 353 356 357 419 530
479 5 24 345 1012 1205 1243
480 6 38 445 493 778 794 812
481 6 34 37 362 635 783 784
482 7 359 366 552 554 624 781 1249
483 5 39 365 786 825 1203
484 5 52 169 242 406 563
485 6 98 111 257 1312 1316 1324
486 5 53 257 695 971 1312
487 6 107 844 917 1100 1275 1281
488 5 91 821 859 909 918
489 6 101 251 263 561 698 961
490 5 268 560 803 1031 1210
491 6 683 1044 1117 1145 1291 1333
492 7 8 86 236 427 428 467 617
493 6 159 480 778 793 813 827
494 6 47 360 383 388 471 1157
495 5 399 497 900 1011 1290
496 6 300 461 694 893 894 897
497 5 301 495 575 874 900
498 5 718 1077 1143 1179 1200
499 6 294 636 679 868 915 1159
500 7 56 194 452 583 646 661 1217
501 5 144 150 1007 1037 1078
502 5 298 300 892 897 1197
503 5 149 284 374 376 413
504 5 128 450 581 862 1206
505 5 59 420 600 673 1057
506 5 202 424 675 699 711
507 5 119 307 311 444 544
508 5 13 288 319 330 1016
509 6 315 429 548 688 902 1286
510 5 336 429 547 548 1286
511 6 208 449 757 845 1104 1244
512 5 3 41 555 565 644
513 7 100 248 251 534 562 680 1014
514 5 107 586 844 1091 1206
515 6 524 849 916 971 1272 1326
516 6 254 558 883 972 1002 1050
517 5 136 401 630 798 1122
518 5 296 393 1125 1222 1299
519 5 392 396 410 1067 1298
520 5 907 953 1121 1172 1328
521 8 62 64 192 195 341 851 1092 1114
522 5 72 707 805 1163 1177
523 8 222 447 578 590 598 943 1180 1235
524 7 240 515 849 879 1060 1314 1326
525 6 64 195 451 651 958 1092
526 5 109 238 253 258 584
527 6 121 181 217 230 271 676
528 7 279 326 753 760 766 1094 1311
529 5 322 546 1035 1097 1263
530 5 41 348 419 478 1194
531 6 35 40 226 358 470 780
532 5 421 538 602 713 787
533 5 142 145 283 381 1226
534 6 100 513 562 616 680 1014
535 6 71 114 115 130 715 1013
536 7 846 979 1082 1124 1238 1320 1331
537 5 187 291 600 673 980
538 5 421 532 602 705 787
539 8 63 188 192 197 712 714 756 1003
540 6 68 69 675 711 981 1080
541 5 69 70 237 660 1282
542 5 132 204 206 454 1192
543 6 84 273 274 438 668 1152
544 7 121 228 230 307 444 507 619
545 7 315 318 754 764 902 974 1258
546 6 477 529 1035 1065 1097 1236
547 6 321 336 338 510 548 640
548 7 20 336 429 509 510 547 640
549 6 10 314 324 335 634 670
550 6 344 641 642 691 776 1262
551 5 31 42 642 691 1198
552 6 35 363 367 482 624 1249
553 7 45 49 778 785 824 827 1203
554 6 47 359 360 482 626 781
555 5 41 512 782 1194 1198
556 5 386 557 643 779 1220
557 6 38 44 445 556 643 1220
558 6 302 516 972 998 1002 1155
559 6 54 645 771 925 1040 1187
560 5 116 490 803 973 1210
561 5 101 248 251 489 698
562 5 513 534 614 616 680
563 6 52 131 432 484 663 1214
564 5 79 226 232 308 312
565 6 3 7 82 512 684 733
566 6 122 303 403 571 1146 1335
567 6 440 464 833 907 1121 1173
568 6 51 56 452 582 615 652
569 5 137 437 441 829 1202
570 6 93 138 630 846 1188 1293
571 5 137 403 459 566 647
572 6 152 182 378 379 380 818
573 6 47 364 382 383 574 1062
574 5 382 383 389 573 667
575 5 301 497 576 692 900
576 5 151 168 575 692 900
577 6 731 950 1112 1148 1287 1329
578 6 222 447 523 590 598 989
579 5 124 454 875 1000 1315
580 5 114 115 132 455 587
581 7 90 292 450 453 504 862 1150
582 5 51 56 452 568 615
583 5 194 500 661 756 1217
584 5 238 239 526 835 1234
585 6 139 182 629 921 1252 1325
586 5 514 844 920 1091 1305
587 5 580 675 715 1080 1192
588 6 105 131 422 603 1302 1324
589 5 225 724 738 940 963
590 10 160 221 276 447 523 578 686 943 1180 1235
591 7 165 172 298 864 871 1144 1193
592 6 89 129 186 613 1099 1303
593 5 123 873 998 999 1002
594 5 286 369 413 417 1165
595 5 148 372 627 648 1252
596 6 97 139 153 380 597 823
597 6 97 280 596 633 823 992
598 6 222 523 578 636 868 1235
599 5 1121 1133 1143 1172 1200
600 6 187 190 291 505 537 673
601 5 705 755 1082 1124 1276
602 6 58 421 532 538 674 713
603 5 65 104 108 422 588
604 7 67 127 203 210 606 698 961
605 5 199 201 206 701 982
606 5 200 201 203 210 604
607 5 213 310 719 729 985
608 5 119 278 306 658 678
609 6 78 218 293 750 820 913
610 5 76 83 870 914 1215
611 5 108 131 242 255 663
612 6 257 261 866 1041 1042 1151
613 5 129 592 1000 1099 1315
614 7 244 268 562 616 680 1031 1201
615 5 51 113 452 568 582
616 5 534 562 614 680 1201
617 5 236 427 428 467 492
618 5 4 84 736 1152 1334
619 6 75 121 217 307 425 544
620 5 16 339 659 762 1095
621 7 639 689 969 1015 1072 1248 1306
622 7 279 316 324 741 1094 1261 1311
623 5 337 687 765 1047 1263
624 6 48 358 363 366 482 552
625 5 36 43 46 48 358
626 6 33 42 359 360 471 554
627 6 148 372 595 628 861 1032
628 5 142 627 861 881 1032
629 6 147 372 585 834 1252 1325
630 7 136 138 401 404 517 570 1293
631 5 217 227 425 676 740
632 5 739 890 990 1259 1328
633 6 280 284 285 597 671 823
634 5 324 337 549 670 687
635 6 34 36 43 481 780 783
636 6 222 499 598 679 868 989
637 5 75 119 275 278 307
638 6 327 474 640 768 975 1010
639 7 621 758 761 839 1015 1248 1306
640 5 20 474 547 548 638
641 5 27 342 550 776 1262
642 5 33 550 551 691 1022
643 8 44 46 361 556 557 779 809 1102
644 5 6 40 367 512 984
645 5 54 559 771 842 1309
646 5 448 452 500 1217 1323
647 5 459 571 654 799 1338
648 5 148 595 977 1004 1260
649 6 144 283 381 666 1017 1078
650 7 94 964 995 1108 1141 1175 1266
651 6 431 451 525 859 958 968
652 5 89 448 568 875 1315
653 5 884 1101 1132 1135 1193
654 6 61 459 647 799 1107 1338
655 6 162 163 167 169 406 693
656 5 183 818 865 1008 1253
657 6 59 189 190 191 196 959
658 5 215 219 229 306 608
659 8 16 322 340 620 762 1035 1074 1308
660 5 69 70 541 700 711
661 5 56 188 194 500 583
662 6 96 141 284 374 376 671
663 5 131 242 563 611 1214
664 6 102 174 847 904 1061 1093
665 6 134 402 457 1111 1126 1327
666 6 144 150 381 649 1078 1116
667 6 384 388 389 574 819 1084
668 5 28 354 543 933 1019
669 5 158 355 385 1157 1213
670 5 314 549 634 687 744
671 6 96 153 284 633 662 823
672 5 27 355 385 776 1022
673 5 291 505 537 600 980
674 6 58 62 195 451 602 909
675 5 424 506 540 587 1080
676 5 217 271 425 527 631
677 7 4 82 215 224 272 472 1152
678 6 119 220 306 311 608 1130
679 6 499 636 735 915 951 989
680 6 100 513 534 562 614 616
681 6 240 807 848 858 1106 1332
682 5 368 803 1031 1056 1201
683 7 491 1027 1043 1044 1117 1181 1333
684 7 7 82 272 273 274 565 1152
685 5 85 289 414 1055 1229
686 5 276 590 943 1180 1235
687 5 337 623 634 670 744
688 5 332 429 509 902 1286
689 5 319 621 969 1072 1095
690 6 25 30 1020 1033 1070 1208
691 5 31 344 550 551 642
692 6 162 167 168 301 575 576
693 6 162 166 297 397 398 655
694 5 176 461 496 894 1138
695 5 98 486 916 971 1312
696 5 863 876 917 928 1158
697 5 134 135 843 1122 1136
698 6 203 210 489 561 604 961
699 5 127 200 202 424 506
700 5 202 243 423 660 711
701 6 66 199 204 205 206 605
702 5 704 931 934 980 1230
703 7 420 929 934 960 1057 1264 1336
704 5 702 931 934 980 1230
705 5 538 601 755 787 1082
706 6 57 930 934 935 1129 1264
707 5 522 1023 1177 1268 1278
708 5 184 211 888 899 1185
709 5 74 209 1175 1266 1285
710 5 74 209 815 1154 1285
711 5 202 506 540 660 700
712 6 23 60 197 539 714 851
713 7 58 421 532 602 918 1320 1322
714 7 63 188 197 539 712 906 1003
715 6 68 71 114 535 587 1080
716 6 415 739 912 939 1161 1162
717 6 235 411 426 465 751 878
718 5 214 498 792 923 1077
719 5 213 228 231 607 722
720 5 310 436 867 870 1169
721 5 311 729 985 1130 1288
722 5 121 228 230 719 1149
723 6 76 290 463 790 1026 1120
724 6 589 737 738 1170 1171 1289
725 5 1 912 915 1159 1161
726 5 890 945 953 1118 1328
727 5 309 898 952 1168 1239
728 5 749 908 940 1118 1337
729 5 607 721 985 1028 1288
730 6 81 731 791 950 952 994
731 5 577 730 792 950 1329
732 5 439 922 995 1108 1247
733 6 3 82 215 229 565 984
734 5 233 234 988 1028 1269
735 5 5 679 951 987 1218
736 5 84 94 618 964 1334
737 5 724 964 1170 1171 1334
738 6 216 224 472 589 724 1171
739 5 415 632 716 939 1259
740 7 75 223 227 275 312 425 631
741 5 10 316 324 622 1261
742 5 22 320 322 475 765
743 6 14 323 329 476 759 1103
744 7 11 314 320 670 687 747 765
745 7 317 754 763 767 1039 1090 1258
746 6 9 171 174 313 412 1290
747 6 11 22 287 314 475 744
748 5 83 231 1026 1149 1246
749 5 728 986 988 1118 1337
750 5 218 609 913 938 1330
751 5 1 179 411 426 717
752 5 914 944 983 991 1054
753 5 279 528 760 766 1311
754 6 332 545 745 763 764 1258
755 6 601 705 787 979 1082 1124
756 6 188 192 194 197 539 583
757 5 511 769 774 845 1244
758 5 331 639 761 1015 1093
759 6 14 327 329 743 768 975
760 5 279 528 753 766 1311
761 7 331 639 758 839 904 956 1093
762 5 16 620 659 1035 1308
763 5 745 754 767 1090 1258
764 5 317 545 754 974 1258
765 6 320 322 623 742 744 1263
766 5 279 528 753 760 1311
767 6 256 370 745 763 1039 1090
768 8 18 20 327 329 638 759 975 1010
769 5 757 1012 1071 1205 1242
770 5 26 30 350 905 1304
771 5 559 645 842 948 1040
772 5 15 469 788 806 996
773 6 258 788 925 966 1040 1134
774 5 757 775 1012 1021 1244
775 7 343 352 774 1009 1021 1030 1244
776 5 27 550 641 672 1022
777 6 854 1021 1030 1098 1195 1243
778 6 38 480 493 553 785 827
779 5 46 386 556 643 809
780 6 43 470 531 635 783 808
781 5 47 364 366 482 554
782 6 41 367 555 855 1198 1249
783 7 43 470 481 635 780 784 808
784 5 80 470 481 783 808
785 5 45 49 553 778 827
786 5 361 365 483 825 1102
787 6 421 532 538 705 755 979
788 5 238 772 773 966 996
789 5 81 869 895 952 1168
790 7 277 290 435 463 723 991 1142
791 6 730 792 923 994 1043 1181
792 5 718 731 791 923 1077
793 6 493 801 812 1267 1271 1301
794 5 445 480 812 828 1271
795 5 1046 1087 1146 1191 1241
796 5 135 400 456 800 1178
797 5 157 405 877 1113 1295
798 5 517 850 1122 1131 1296
799 6 138 404 459 647 654 1107
800 6 92 796 848 1018 1140 1296
801 6 159 793 812 1241 1301 1335
802 5 157 811 831 877 1190
803 7 112 490 560 682 1031 1056 1210
804 6 171 249 264 265 847 947
805 6 72 73 208 522 1139 1277
806 5 15 469 772 841 996
807 5 681 970 1106 1131 1332
808 6 80 223 470 780 783 784
809 5 37 46 643 779 1102
810 5 1006 1058 1079 1251 1257
811 6 802 830 877 1052 1088 1190
812 6 480 793 794 801 828 1271
813 5 159 493 816 827 1297
814 5 853 1160 1227 1274 1313
815 5 710 936 962 1154 1307
816 6 159 303 813 1297 1301 1335
817 5 853 884 886 1184 1216
818 6 182 183 572 656 921 1260
819 6 389 667 852 1046 1084 1191
820 5 78 218 293 609 913
821 5 91 488 1196 1250 1284
822 5 386 387 1045 1062 1220
823 6 153 380 596 597 633 671
824 8 38 39 44 45 361 553 825 1203
825 7 39 44 361 483 786 824 1203
826 5 392 407 443 838 860
827 6 159 493 553 778 785 813
828 6 382 794 812 1045 1147 1271
829 5 390 569 852 1083 1202
830 5 811 1052 1088 1209 1227
831 6 157 390 802 1083 1190 1224
832 5 126 932 1075 1141 1266
833 5 440 567 1154 1173 1285
834 6 140 143 147 629 957 1325
835 5 246 247 468 584 1234
836 5 418 892 1182 1197 1212
837 5 903 972 999 1018 1178
838 5 381 392 826 860 1116
839 7 55 333 639 761 956 1248 1306
840 5 32 346 350 391 1049
841 6 15 245 247 469 806 1059
842 5 55 102 645 771 1309
843 5 136 697 1122 1123 1136
844 5 107 487 514 586 1100
845 5 449 511 757 1019 1071
846 5 536 570 1124 1188 1238
847 5 171 174 664 804 947
848 6 92 681 800 858 1106 1140
849 6 433 515 524 879 1091 1272
850 6 260 304 401 798 970 1131
851 6 23 197 341 521 712 1114
852 5 819 829 1046 1083 1084
853 5 814 817 1216 1227 1274
854 5 777 1021 1030 1098 1195
855 5 42 359 782 1198 1249
856 6 88 129 186 448 1110 1323
857 6 147 861 880 957 1032 1233
858 6 50 92 681 848 967 1081
859 6 451 488 651 909 968 1196
860 5 381 443 826 838 1226
861 6 627 628 857 880 881 1032
862 6 453 504 581 916 1206 1272
863 5 696 928 1196 1281 1284
864 5 165 296 591 1193 1299
865 5 164 656 965 1253 1310
866 5 105 257 612 1302 1324
867 5 720 870 914 983 1169
868 7 222 289 294 499 598 636 1235
869 6 81 789 895 950 1128 1287
870 7 213 310 610 720 867 914 1215
871 5 591 893 896 897 1144
872 5 6 40 79 118 226
873 6 123 302 593 885 1189 1199
874 6 117 255 301 399 497 1069
875 5 51 89 579 652 1315
876 5 88 696 928 942 1110
877 5 157 797 802 811 1221
878 5 235 436 465 717 1169
879 6 240 433 524 849 1060 1319
880 5 857 861 1223 1233 1321
881 5 142 283 628 861 1017
882 5 173 176 461 893 1313
883 5 52 163 516 1050 1155
884 5 653 817 886 1132 1216
885 6 299 873 1137 1189 1199 1256
886 6 817 884 896 1144 1184 1193
887 6 185 260 434 1232 1245 1305
888 5 708 899 1185 1228 1254
889 6 73 211 1109 1183 1186 1294
890 5 632 726 986 1118 1328
891 6 431 919 958 1110 1217 1323
892 5 502 836 1197 1240 1298
893 7 461 496 871 882 896 1184 1274
894 5 496 694 1138 1156 1237
895 5 789 869 1128 1168 1239
896 6 871 886 893 1144 1184 1274
897 5 298 300 496 502 871
898 6 309 727 952 994 1168 1239
899 6 184 708 888 926 1176 1185
900 7 151 371 495 497 575 576 1011
901 5 369 377 1005 1207 1211
902 7 315 332 509 545 688 1258 1286
903 6 837 967 972 1018 1081 1318
904 5 664 761 956 1061 1093
905 5 155 178 350 770 1049
906 5 60 63 187 714 1003
907 6 520 567 922 953 1121 1173
908 7 728 940 945 1118 1247 1289 1337
909 5 451 488 674 859 918
910 5 70 250 946 997 1282
911 6 5 120 180 912 1162 1218
912 5 5 716 725 911 1162
913 9 2 78 218 293 609 750 820 938 1330
914 7 76 610 752 867 870 983 991
915 5 5 499 679 725 1159
916 6 453 515 695 862 971 1272
917 5 487 696 1158 1275 1281
918 5 58 488 713 909 1322
919 5 64 891 958 1092 1217
920 6 433 434 586 1305 1319 1332
921 5 182 585 818 1252 1260
922 6 439 732 907 945 953 1173
923 6 87 214 718 791 792 1043
924 5 94 438 933 1075 1141
925 5 252 258 559 773 1040
926 5 184 899 1176 1268 1270
927 6 955 1096 1148 1166 1228 1254
928 6 696 863 876 942 968 1196
929 6 420 703 934 960 1057 1264
930 7 57 706 934 935 1129 1230 1264
931 5 420 702 704 934 980
932 5 126 832 937 1075 1278
933 5 125 438 668 924 937
934 10 420 702 703 704 706 929 930 931 1230 1264
935 5 57 706 930 1129 1230
936 7 74 207 209 815 1176 1270 1307
937 5 125 932 933 1075 1177
938 7 2 77 290 750 913 1153 1330
939 5 426 716 739 990 1161
940 6 589 728 908 963 1289 1337
941 5 965 978 1034 1253 1310
942 5 431 876 928 968 1110
943 7 160 221 276 523 590 686 1180
944 6 277 435 752 991 1054 1055
945 6 726 908 922 953 1118 1247
946 7 249 910 947 997 1282 1283 1309
947 6 102 249 804 847 946 1283
948 5 55 262 330 333 771
949 5 254 972 1042 1151 1318
950 6 81 577 730 731 869 1287
951 5 395 679 735 987 989
952 9 81 309 727 730 789 898 994 1168 1239
953 5 520 726 907 922 945
954 6 440 464 1077 1179 1204 1273
955 5 927 1128 1148 1166 1287
956 5 55 761 839 904 1061
957 6 95 140 147 834 857 1233
958 6 431 525 651 891 919 1092
959 5 59 189 191 196 657
960 6 59 189 703 929 1057 1336
961 8 67 110 210 212 263 489 604 698
962 5 815 1051 1096 1228 1307
963 5 225 233 589 940 1288
964 5 94 650 736 737 995
965 7 865 941 978 993 1004 1008 1253
966 6 238 258 773 788 996 1134
967 6 50 92 858 903 1018 1081
968 6 431 651 859 928 942 1196
969 6 319 339 621 689 1072 1095
970 5 260 434 807 850 1332
971 6 53 486 515 695 916 1326
972 7 516 558 837 903 949 998 999
973 5 317 323 560 1039 1210
974 5 21 315 318 545 764
975 7 14 327 329 638 759 768 1010
976 5 9 12 141 430 1290
977 5 145 148 648 993 1004
978 5 941 965 993 1089 1225
979 5 536 755 787 1082 1320
980 5 537 673 702 704 931
981 5 68 69 198 540 1013
982 5 200 206 424 605 1192
983 5 270 752 867 914 1054
984 5 3 6 229 644 733
985 6 228 311 444 607 721 729
986 5 749 890 988 990 1024
987 7 395 735 951 1145 1218 1291 1292
988 5 234 734 749 986 1024
989 5 222 578 636 679 951
990 5 235 632 939 986 1024
991 6 76 435 752 790 914 944
992 5 97 280 375 416 597
993 6 145 965 977 978 1004 1089
994 7 309 730 791 898 952 1027 1181
995 5 650 732 964 1108 1170
996 6 13 772 788 806 966 1134
997 6 237 910 946 1282 1283 1309
998 5 558 593 972 999 1002
999 6 305 593 837 972 998 1178
1000 5 132 454 579 613 1315
1001 5 1105 1167 1219 1250 1339
1002 6 302 516 558 593 998 1155
1003 5 63 188 539 714 906
1004 5 648 965 977 993 1008
1005 5 146 369 375 377 901
1006 7 295 810 1058 1079 1207 1211 1257
1007 5 150 281 501 1037 1078
1008 5 656 965 1004 1253 1260
1009 6 343 352 775 1104 1139 1244
1010 6 327 334 474 638 768 975
1011 5 282 371 495 900 1290
1012 6 479 769 774 1021 1205 1243
1013 6 68 71 111 422 535 981
1014 6 100 239 248 513 534 1234
1015 5 621 639 758 1072 1248
1016 6 13 262 288 330 508 1134
1017 5 144 283 649 881 1078
1018 6 92 800 837 903 967 1178
1019 6 354 357 449 668 845 1071
1020 6 342 345 347 351 690 1070
1021 7 352 774 775 777 854 1012 1030
1022 5 33 355 642 672 776
1023 6 72 211 707 1183 1186 1268
1024 5 234 235 986 988 990
1025 5 466 1038 1197 1212 1255
1026 5 76 83 723 748 1120
1027 5 309 683 994 1044 1181
1028 5 233 729 734 1269 1288
1029 5 344 353 1053 1242 1262
1030 5 352 775 777 854 1021
1031 8 268 368 490 614 682 803 1056 1201
1032 5 147 627 628 857 861
1033 5 25 29 690 1048 1208
1034 5 99 394 941 1225 1310
1035 6 16 477 529 546 659 762
1036 5 321 326 337 338 473
1037 5 150 281 418 501 1007
1038 7 300 442 1025 1115 1197 1237 1255
1039 5 317 745 767 973 1210
1040 5 262 559 771 773 925
1041 6 254 261 432 612 1042 1151
1042 6 53 612 949 1041 1151 1318
1043 6 87 683 791 923 1117 1181
1044 5 491 683 1027 1181 1333
1045 5 382 445 822 828 1220
1046 6 795 819 852 1084 1087 1202
1047 5 334 474 623 1097 1263
1048 5 29 1033 1098 1195 1208
1049 5 350 351 391 840 905
1050 5 52 254 432 516 883
1051 5 962 1096 1112 1204 1273
1052 5 811 830 1216 1221 1227
1053 5 24 1029 1205 1242 1262
1054 6 270 752 944 983 1055 1229
1055 6 277 435 685 944 1054 1229
1056 7 112 256 370 682 803 1031 1210
1057 7 59 420 505 703 929 960 1336
1058 5 810 1006 1079 1251 1257
1059 7 14 15 476 841 1065 1103 1236
1060 6 50 240 524 879 1314 1326
1061 5 55 102 664 904 956
1062 5 364 382 387 573 822
1063 5 32 385 391 1174 1279
1064 5 1085 1088 1209 1279 1317
1065 6 14 17 546 1059 1097 1236
1066 5 25 26 29 349 1304
1067 5 165 172 519 1240 1298
1068 5 175 177 299 409 1137
1069 5 167 242 301 406 874
1070 5 345 690 1020 1195 1243
1071 5 356 769 845 1019 1242
1072 8 325 339 621 689 969 1015 1073 1095
1073 5 19 325 339 340 1072
1074 5 19 339 340 659 1308
1075 5 832 924 932 937 1141
1076 5 171 264 399 412 1300
1077 6 498 718 792 954 1179 1329
1078 7 144 150 501 649 666 1007 1017
1079 5 810 1006 1058 1207 1257
1080 5 68 540 587 675 715
1081 6 50 858 903 967 1314 1318
1082 6 536 601 705 755 979 1124
1083 6 390 446 829 831 852 1224
1084 5 446 667 819 852 1046
1085 5 1064 1086 1088 1279 1280
1086 5 446 1085 1190 1224 1280
1087 5 403 795 1046 1146 1202
1088 5 811 830 1064 1085 1190
1089 5 145 443 978 993 1226
1090 5 256 370 745 763 767
1091 5 433 514 586 849 1206
1092 5 64 521 525 919 958
1093 6 313 331 664 758 761 904
1094 7 279 324 326 473 528 622 1311
1095 6 319 339 620 689 969 1072
1096 6 927 962 1051 1112 1166 1228
1097 7 17 334 529 546 1047 1065 1263
1098 5 777 854 1048 1195 1208
1099 5 450 455 592 613 1303
1100 6 133 185 487 844 1281 1305
1101 5 653 1132 1135 1193 1299
1102 7 37 361 362 365 643 786 809
1103 5 116 323 476 743 1059
1104 5 208 511 1009 1139 1244
1105 5 93 1001 1167 1238 1339
1106 5 681 807 848 1131 1140
1107 7 138 654 799 1124 1188 1276 1338
1108 5 439 650 732 995 1175
1109 5 73 343 889 1277 1294
1110 6 88 856 876 891 942 1323
1111 5 402 460 665 1125 1135
1112 6 577 1051 1096 1148 1273 1329
1113 5 797 1132 1221 1295 1327
1114 5 62 195 341 521 851
1115 5 442 1038 1156 1237 1255
1116 5 392 666 838 1182 1298
1117 5 87 491 683 1043 1292
1118 6 726 728 749 890 908 945
1119 5 8 236 290 1120 1153
1120 6 8 467 723 1026 1119 1246
1121 5 520 567 599 907 1200
1122 6 135 517 697 798 843 1296
1123 5 136 441 458 843 1136
1124 7 536 601 755 846 1082 1107 1188
1125 5 460 518 1111 1135 1222
1126 5 134 665 1127 1295 1327
1127 6 405 437 441 1126 1136 1295
1128 5 869 895 955 1148 1287
1129 5 57 706 930 935 1230
1130 6 220 225 311 678 721 1288
1131 5 798 807 850 1106 1140
1132 7 653 884 1101 1113 1135 1221 1327
1133 5 180 415 599 1143 1172
1134 5 262 773 966 996 1016
1135 6 653 1101 1111 1125 1132 1327
1136 5 441 697 843 1123 1127
1137 6 161 175 299 885 1068 1256
1138 5 300 694 894 1156 1237
1139 6 208 343 805 1009 1104 1277
1140 5 800 848 1106 1131 1296
1141 6 94 650 832 924 1075 1266
1142 5 77 277 435 463 790
1143 5 214 498 599 1133 1200
1144 5 591 871 886 896 1193
1145 5 395 491 987 1291 1333
1146 6 403 566 795 1087 1241 1335
1147 6 382 389 828 1191 1267 1271
1148 6 577 927 955 1112 1128 1287
1149 5 181 230 722 748 1246
1150 5 90 115 450 455 581
1151 6 254 612 949 1041 1042 1318
1152 7 4 272 273 543 618 677 684
1153 5 2 86 236 938 1119
1154 5 440 710 815 833 1204
1155 6 163 297 302 558 883 1002
1156 6 300 442 894 1115 1138 1237
1157 5 158 388 471 494 669
1158 5 88 696 917 1275 1303
1159 6 1 179 294 499 725 915
1160 6 154 155 178 814 1209 1313
1161 5 1 426 716 725 939
1162 5 180 415 716 911 912
1163 5 125 208 449 522 1177
1164 5 91 1219 1320 1322 1331
1165 5 149 286 413 417 594
1166 5 927 955 1096 1228 1254
1167 6 93 1001 1105 1219 1238 1331
1168 7 81 727 789 895 898 952 1239
1169 6 270 436 465 720 867 878
1170 5 724 737 995 1247 1289
1171 5 224 724 737 738 1334
1172 5 415 520 599 1133 1259
1173 6 439 567 833 907 922 1285
1174 5 154 391 1063 1279 1317
1175 6 439 650 709 1108 1266 1285
1176 6 899 926 936 1185 1270 1307
1177 6 125 522 707 937 1163 1278
1178 6 305 456 796 837 999 1018
1179 6 464 498 954 1077 1200 1273
1180 7 160 221 447 523 590 686 943
1181 7 309 683 791 994 1027 1043 1044
1182 5 150 418 836 1116 1298
1183 6 72 73 889 1023 1186 1294
1184 5 817 886 893 896 1274
1185 6 708 888 899 1176 1254 1307
1186 5 211 889 1023 1183 1294
1187 5 54 106 237 243 559
1188 5 138 570 846 1107 1124
1189 5 123 299 408 873 885
1190 6 802 811 831 1086 1088 1224
1191 5 389 795 819 1147 1267
1192 6 132 206 454 542 587 982
1193 7 591 653 864 886 1101 1144 1299
1194 5 31 348 530 555 1198
1195 7 777 854 1048 1070 1098 1208 1243
1196 6 821 859 863 928 968 1284
1197 5 502 836 892 1025 1038
1198 7 41 42 551 555 782 855 1194
1199 5 302 873 885 1256 1265
1200 6 464 498 599 1121 1143 1179
1201 5 368 614 616 682 1031
1202 5 403 569 829 1046 1087
1203 7 39 45 49 483 553 824 825
1204 5 440 954 1051 1154 1273
1205 6 24 479 769 1012 1053 1242
1206 6 128 504 514 862 1091 1272
1207 5 295 901 1006 1079 1211
1208 5 690 1033 1048 1098 1195
1209 6 154 830 1064 1160 1227 1317
1210 7 112 490 560 803 973 1039 1056
1211 5 295 377 901 1006 1207
1212 5 281 418 466 836 1025
1213 5 156 158 385 669 1279
1214 7 52 105 131 261 432 563 663
1215 5 83 213 231 610 870
1216 6 817 853 884 1052 1221 1227
1217 5 500 583 646 891 919
1218 7 5 120 395 735 911 987 1292
1219 6 91 1001 1164 1167 1250 1331
1220 6 386 445 556 557 822 1045
1221 5 877 1052 1113 1132 1216
1222 6 170 393 408 460 518 1125
1223 5 95 880 1233 1251 1321
1224 5 446 831 1083 1086 1190
1225 5 99 443 978 1034 1231
1226 5 145 381 533 860 1089
1227 6 814 830 853 1052 1209 1216
1228 6 888 927 962 1096 1166 1254
1229 5 270 414 685 1054 1055
1230 7 57 702 704 930 934 935 1129
1231 5 99 407 409 443 1225
1232 5 260 304 887 1245 1339
1233 6 95 857 880 957 1223 1321
1234 6 100 239 246 584 835 1014
1235 7 276 289 523 590 598 686 868
1236 5 15 477 546 1059 1065
1237 6 442 894 1038 1115 1138 1156
1238 6 93 536 846 1105 1167 1331
1239 5 727 895 898 952 1168
1240 5 172 298 892 1067 1298
1241 5 795 801 1146 1267 1301
1242 5 769 1029 1053 1071 1205
1243 6 345 479 777 1012 1070 1195
1244 6 511 757 774 775 1009 1104
1245 6 133 185 887 1232 1250 1339
1246 5 428 467 748 1120 1149
1247 5 732 908 945 1170 1289
1248 5 621 639 839 1015 1306
1249 5 359 482 552 782 855
1250 6 133 821 1001 1219 1245 1284
1251 6 95 810 1058 1223 1257 1321
1252 6 372 585 595 629 921 1260
1253 6 164 656 865 941 965 1008
1254 5 888 927 1166 1185 1228
1255 5 442 466 1025 1038 1115
1256 5 161 885 1137 1199 1265
1257 7 95 295 810 1006 1058 1079 1251
1258 7 332 545 745 754 763 764 902
1259 5 415 632 739 1172 1328
1260 5 648 818 921 1008 1252
1261 5 10 316 335 622 741
1262 6 24 344 550 641 1029 1053
1263 6 320 529 623 765 1047 1097
1264 5 703 706 929 930 934
1265 6 161 166 297 398 1199 1256
1266 5 650 709 832 1141 1175
1267 5 793 1147 1191 1241 1271
1268 6 184 707 926 1023 1270 1278
1269 5 234 310 436 734 1028
1270 7 126 207 926 936 1176 1268 1278
1271 6 793 794 812 828 1147 1267
1272 5 515 849 862 916 1206
1273 6 954 1051 1112 1179 1204 1329
1274 6 814 853 893 896 1184 1313
1275 6 107 128 487 917 1158 1303
1276 5 61 193 601 1107 1338
1277 6 73 343 805 1109 1139 1294
1278 6 126 707 932 1177 1268 1270
1279 7 156 1063 1064 1085 1174 1213 1317
1280 5 156 384 446 1085 1086
1281 5 133 487 863 917 1100
1282 5 237 541 910 946 997
1283 5 102 946 947 997 1309
1284 5 133 821 863 1196 1250
1285 6 439 709 710 833 1173 1175
1286 6 315 429 509 510 688 902
1287 6 577 869 950 955 1128 1148
1288 6 233 721 729 963 1028 1130
1289 5 724 908 940 1170 1247
1290 6 12 412 495 746 976 1011
1291 6 395 491 987 1145 1292 1333
1292 5 120 987 1117 1218 1291
1293 5 93 304 401 570 630
1294 6 73 889 1109 1183 1186 1277
1295 5 797 1113 1126 1127 1327
1296 5 135 798 800 1122 1140
1297 5 159 303 813 816 1335
1298 6 519 892 1067 1116 1182 1240
1299 5 296 518 864 1101 1193
1300 6 117 171 264 265 399 1076
1301 6 159 793 801 816 1241 1335
1302 6 105 131 588 866 1316 1324
1303 5 186 592 1099 1158 1275
1304 7 25 26 29 30 349 770 1066
1305 6 185 434 586 887 920 1100
1306 5 333 621 639 839 1248
1307 5 815 936 962 1176 1185
1308 5 322 340 659 762 1074
1309 6 54 645 842 946 997 1283
1310 5 164 394 865 941 1034
1311 9 279 324 326 528 622 753 760 766 1094
1312 5 98 257 485 486 695
1313 6 173 178 814 882 1160 1274
1314 6 50 53 524 1060 1081 1326
1315 6 89 579 613 652 875 1000
1316 5 111 422 485 1302 1324
1317 5 154 1064 1174 1209 1279
1318 5 903 949 1042 1081 1151
1319 5 240 433 879 920 1332
1320 6 536 713 979 1164 1322 1331
1321 5 95 880 1223 1233 1251
1322 6 58 91 713 918 1164 1320
1323 5 448 646 856 891 1110
1324 6 105 485 588 866 1302 1316
1325 5 139 143 585 629 834
1326 6 53 515 524 971 1060 1314
1327 6 665 1113 1126 1132 1135 1295
1328 5 520 632 726 890 1259
1329 5 577 731 1077 1112 1273
1330 5 77 218 750 913 938
1331 7 91 536 1164 1167 1219 1238 1320
1332 5 681 807 920 970 1319
1333 5 491 683 1044 1145 1291
1334 6 4 224 618 736 737 1171
1335 7 303 566 801 816 1146 1297 1301
1336 5 59 189 703 960 1057
1337 5 233 728 749 908 940
1338 7 61 122 193 647 654 1107 1276
1339 5 304 1001 1105 1232 1245
